0,0,0,0,0,0,0,0,0,0,0,0,0,0,0,0,0,0,0,0,0,0,0,0,0,0,0,0,0,0,0,0,0,0,0,0,0,0,0,0,0,0,0,0,0,0,0,0,0,0,0,0,0,0,0,0,0,0,0,0,0,0,0,0,0,0,0,0,0,0,0,0,0,0,0,0,0,0,0,0,0,0,0,0,0,0,0,0,0,0,0,0,0,0,0,0,0,0,0,0,0,0,0
17,10,1963,28,32,25,0,0,0,0,0,0,2272,0,0,0,0,0,0,2467,3095,8,0,9,469,23,1737,65518,623,1547,9,2953,2524,5,0,6,934,19,3070,65529,790,1262,12,1013,29980,958,0,958,3,970,13,53144,590,14990,9,0,0,0,0,0,0,0,0,0,0,0,0,0,0,0,0,0,0,0,0,0,0,0,0,0,0,0,0,0,0,0,0,0,0,0,0,0,0,0,0,0,0,0,0,0,0,0,0
17,10,1963,26,31,24,0,0,0,0,0,0,2279,0,0,0,0,0,0,2373,3019,8,0,9,475,21,1712,20,612,1509,9,2876,2545,5,0,6,929,19,2850,65486,789,1272,12,1012,6516,958,0,958,3,970,13,16097,582,3258,9,0,0,0,0,0,0,0,0,0,0,0,0,0,0,0,0,0,0,0,0,0,0,0,0,0,0,0,0,0,0,0,0,0,0,0,0,0,0,0,0,0,0,0,0,0,0,0,0
17,10,1963,27,30,25,0,0,0,0,0,0,2291,0,0,0,0,0,0,2310,2989,8,0,9,481,21,1687,60,634,1494,10,2935,2605,5,0,6,913,19,2835,65514,777,1302,12,1012,32084,958,0,958,3,970,12,48864,595,48810,9,0,0,0,0,0,0,0,0,0,0,0,0,0,0,0,0,0,0,0,0,0,0,0,0,0,0,0,0,0,0,0,0,0,0,0,0,0,0,0,0,0,0,0,0,0,0,0,0
17,11,1963,27,30,24,0,0,0,0,0,0,2298,0,0,0,0,0,0,2411,3052,8,0,9,475,22,1713,65526,622,1526,9,2806,2534,5,0,6,938,18,2911,31,796,1267,12,1011,50896,958,0,958,3,970,12,44984,596,58216,9,0,0,0,0,0,0,0,0,0,0,0,0,0,0,0,0,0,0,0,0,0,0,0,0,0,0,0,0,0,0,0,0,0,0,0,0,0,0,0,0,0,0,0,0,0,0,0,0
17,11,1963,28,29,26,0,0,0,0,0,0,2298,0,0,0,0,0,0,2438,3084,8,0,9,464,22,1739,24,615,1542,9,2655,2511,5,0,6,915,17,2731,65517,786,1255,12,1013,30540,958,0,958,4,971,13,51167,605,15270,9,0,0,0,0,0,0,0,0,0,0,0,0,0,0,0,0,0,0,0,0,0,0,0,0,0,0,0,0,0,0,0,0,0,0,0,0,0,0,0,0,0,0,0,0,0,0,0,0
17,11,1963,27,30,25,0,0,0,0,0,0,2298,0,0,0,0,0,0,2321,2912,8,0,9,486,21,1634,14,638,1456,10,2970,2581,5,0,6,916,20,2871,65532,792,1290,12,1012,1414,958,0,958,4,971,14,1697,608,707,9,0,0,0,0,0,0,0,0,0,0,0,0,0,0,0,0,0,0,0,0,0,0,0,0,0,0,0,0,0,0,0,0,0,0,0,0,0,0,0,0,0,0,0,0,0,0,0,0
17,11,1963,28,30,25,0,0,0,0,0,0,2323,0,0,0,0,0,0,2370,2943,8,0,9,478,21,1659,4,627,1471,9,2895,2583,5,0,6,906,19,2863,6,785,1291,12,1013,17768,958,0,958,3,972,14,28204,594,8884,9,0,0,0,0,0,0,0,0,0,0,0,0,0,0,0,0,0,0,0,0,0,0,0,0,0,0,0,0,0,0,0,0,0,0,0,0,0,0,0,0,0,0,0,0,0,0,0,0
17,11,1963,27,31,25,0,0,0,0,0,0,2298,0,0,0,0,0,0,2546,3102,8,0,9,472,24,1833,65481,632,1551,10,2886,2587,5,0,6,918,19,2849,7,782,1293,12,1012,28296,958,0,958,4,971,12,29788,600,14148,9,0,0,0,0,0,0,0,0,0,0,0,0,0,0,0,0,0,0,0,0,0,0,0,0,0,0,0,0,0,0,0,0,0,0,0,0,0,0,0,0,0,0,0,0,0,0,0,0
17,11,1963,27,29,26,0,0,0,0,0,0,2291,0,0,0,0,0,0,2287,2922,8,0,9,456,21,1568,65501,607,1461,9,3002,2500,5,0,6,906,20,2888,65533,784,1250,12,1013,38852,958,0,958,3,971,13,48045,596,52194,9,0,0,0,0,0,0,0,0,0,0,0,0,0,0,0,0,0,0,0,0,0,0,0,0,0,0,0,0,0,0,0,0,0,0,0,0,0,0,0,0,0,0,0,0,0,0,0,0
17,11,1963,29,30,26,0,0,0,0,0,0,2298,0,0,0,0,0,0,2480,3043,8,0,9,478,22,1774,43,626,1521,9,2861,2582,5,0,6,901,19,2781,8,778,1291,12,1014,64804,958,0,958,4,972,14,46309,601,65170,9,0,0,0,0,0,0,0,0,0,0,0,0,0,0,0,0,0,0,0,0,0,0,0,0,0,0,0,0,0,0,0,0,0,0,0,0,0,0,0,0,0,0,0,0,0,0,0,0
17,11,1963,27,30,24,0,0,0,0,0,0,2298,0,0,0,0,0,0,2255,3150,8,0,9,458,20,1700,12,601,1575,9,2917,2670,5,0,6,903,19,2849,65517,775,1335,12,1012,51392,958,0,958,4,970,12,53610,609,25696,9,0,0,0,0,0,0,0,0,0,0,0,0,0,0,0,0,0,0,0,0,0,0,0,0,0,0,0,0,0,0,0,0,0,0,0,0,0,0,0,0,0,0,0,0,0,0,0,0
17,11,1963,27,29,27,0,0,0,0,0,0,2310,0,0,0,0,0,0,2464,3094,8,0,9,469,22,1724,65527,609,1547,9,2809,2483,5,0,6,909,19,2664,30,781,1241,12,1014,49888,958,0,958,3,972,14,16355,592,24944,9,0,0,0,0,0,0,0,0,0,0,0,0,0,0,0,0,0,0,0,0,0,0,0,0,0,0,0,0,0,0,0,0,0,0,0,0,0,0,0,0,0,0,0,0,0,0,0,0
17,11,1963,28,30,26,0,0,0,0,0,0,2317,0,0,0,0,0,0,2545,3221,8,0,9,464,23,1812,65500,620,1610,9,2855,2541,5,0,6,903,19,2678,65530,790,1270,12,1012,32184,958,0,958,4,971,15,31620,599,48860,9,0,0,0,0,0,0,0,0,0,0,0,0,0,0,0,0,0,0,0,0,0,0,0,0,0,0,0,0,0,0,0,0,0,0,0,0,0,0,0,0,0,0,0,0,0,0,0,0
17,11,1963,28,31,26,0,0,0,0,0,0,2329,0,0,0,0,0,0,2467,2998,8,0,9,461,23,1735,15,617,1499,9,2761,2558,5,0,6,905,18,2846,65524,785,1279,12,1012,29608,958,0,959,3,971,14,26872,596,14804,9,0,0,0,0,0,0,0,0,0,0,0,0,0,0,0,0,0,0,0,0,0,0,0,0,0,0,0,0,0,0,0,0,0,0,0,0,0,0,0,0,0,0,0,0,0,0,0,0
17,11,1964,27,30,27,0,0,0,0,0,0,2310,0,0,0,0,0,0,2384,3036,8,0,9,466,22,1675,65460,616,1518,9,2850,2575,5,0,6,905,19,2766,65524,777,1287,12,1014,52812,959,0,959,4,972,15,53834,621,26406,9,0,0,0,0,0,0,0,0,0,0,0,0,0,0,0,0,0,0,0,0,0,0,0,0,0,0,0,0,0,0,0,0,0,0,0,0,0,0,0,0,0,0,0,0,0,0,0,0
17,11,1964,27,31,27,0,0,0,0,0,0,2317,0,0,0,0,0,0,2357,3010,8,0,9,467,21,1624,41,616,1505,9,2941,2522,5,0,6,900,20,2823,13,783,1261,12,1015,59164,959,0,959,4,973,15,59748,608,62350,9,0,0,0,0,0,0,0,0,0,0,0,0,0,0,0,0,0,0,0,0,0,0,0,0,0,0,0,0,0,0,0,0,0,0,0,0,0,0,0,0,0,0,0,0,0,0,0,0
17,11,1964,27,30,26,2,3,2,0,0,0,2323,0,0,0,0,0,0,2301,3035,8,0,9,470,21,1697,58,199,1517,1,2841,2517,5,0,6,902,19,2728,3,76,1258,0,1013,42504,959,0,959,3,971,13,27230,130,21252,0,0,0,0,0,0,0,0,0,0,0,0,0,0,0,0,0,0,0,0,0,0,0,0,0,0,0,0,0,0,0,0,0,0,0,0,0,0,0,0,0,0,0,0,0,0,0,0,0
17,11,1964,26,32,26,0,0,0,0,0,0,2329,0,0,0,0,0,0,2209,2947,8,0,9,459,20,1528,8,610,1473,9,3097,2625,5,0,6,902,20,3118,65521,778,1312,12,1013,64256,959,0,959,4,972,13,43902,601,64896,9,0,0,0,0,0,0,0,0,0,0,0,0,0,0,0,0,0,0,0,0,0,0,0,0,0,0,0,0,0,0,0,0,0,0,0,0,0,0,0,0,0,0,0,0,0,0,0,0
17,11,1964,27,30,26,0,0,0,0,0,0,2323,0,0,0,0,0,0,2339,3035,8,0,9,466,21,1668,1,616,1517,9,2774,2578,5,0,6,918,18,2785,65508,783,1289,12,1013,27832,959,0,959,3,972,13,20030,595,13916,9,0,0,0,0,0,0,0,0,0,0,0,0,0,0,0,0,0,0,0,0,0,0,0,0,0,0,0,0,0,0,0,0,0,0,0,0,0,0,0,0,0,0,0,0,0,0,0,0
17,11,1964,28,30,26,0,0,0,0,0,0,2342,0,0,0,0,0,0,2347,3160,8,0,9,473,22,1808,0,630,1580,10,2831,2517,5,0,6,915,18,2716,8,777,1258,12,1012,50852,959,0,959,3,971,14,22795,592,58194,9,0,0,0,0,0,0,0,0,0,0,0,0,0,0,0,0,0,0,0,0,0,0,0,0,0,0,0,0,0,0,0,0,0,0,0,0,0,0,0,0,0,0,0,0,0,0,0,0
17,11,1964,27,30,26,0,0,0,0,0,0,2323,0,0,0,0,0,0,2344,2984,8,0,9,486,21,1601,65516,634,1492,10,2744,2565,5,0,6,912,18,2905,18,791,1282,12,1014,57380,959,0,959,4,972,14,23151,602,28690,9,0,0,0,0,0,0,0,0,0,0,0,0,0,0,0,0,0,0,0,0,0,0,0,0,0,0,0,0,0,0,0,0,0,0,0,0,0,0,0,0,0,0,0,0,0,0,0,0
17,11,1964,26,30,25,0,1,0,0,0,0,2317,0,0,0,0,0,0,2245,2997,8,0,9,459,21,1615,65507,617,1498,9,2808,2611,5,0,6,892,19,2819,65493,788,1305,12,1012,31716,959,0,959,4,971,14,42540,600,48626,9,0,0,0,0,0,0,0,0,0,0,0,0,0,0,0,0,0,0,0,0,0,0,0,0,0,0,0,0,0,0,0,0,0,0,0,0,0,0,0,0,0,0,0,0,0,0,0,0
17,11,1964,26,30,26,0,0,0,0,0,0,2323,0,0,0,0,0,0,2293,2798,8,0,9,465,21,1541,50,613,1399,9,2764,2538,5,0,6,898,19,2682,65508,792,1269,12,1013,31240,959,0,959,4,972,13,62939,623,15620,9,0,0,0,0,0,0,0,0,0,0,0,0,0,0,0,0,0,0,0,0,0,0,0,0,0,0,0,0,0,0,0,0,0,0,0,0,0,0,0,0,0,0,0,0,0,0,0,0
17,11,1964,29,29,26,0,0,0,0,0,0,2317,0,0,0,0,0,0,2572,3172,8,0,9,465,23,1924,7,614,1586,9,2749,2505,5,0,6,906,18,2760,9,789,1252,12,1013,2208,959,0,959,4,971,14,25993,612,33872,9,0,0,0,0,0,0,0,0,0,0,0,0,0,0,0,0,0,0,0,0,0,0,0,0,0,0,0,0,0,0,0,0,0,0,0,0,0,0,0,0,0,0,0,0,0,0,0,0
17,11,1964,29,33,25,0,0,0,0,0,0,2335,0,0,0,0,0,0,2426,3108,8,0,9,474,22,1796,130,624,1554,9,2979,2700,5,0,6,900,20,3221,11,792,1350,12,1012,50904,959,0,959,4,971,13,43212,605,25452,9,0,0,0,0,0,0,0,0,0,0,0,0,0,0,0,0,0,0,0,0,0,0,0,0,0,0,0,0,0,0,0,0,0,0,0,0,0,0,0,0,0,0,0,0,0,0,0,0
17,11,1964,27,30,26,0,0,0,0,0,0,2329,0,0,0,0,0,0,2502,3014,8,0,9,458,23,1777,65522,607,1507,9,2842,2554,5,0,6,913,19,2737,65528,802,1277,12,1012,46344,959,0,959,3,971,13,49159,592,55940,9,0,0,0,0,0,0,0,0,0,0,0,0,0,0,0,0,0,0,0,0,0,0,0,0,0,0,0,0,0,0,0,0,0,0,0,0,0,0,0,0,0,0,0,0,0,0,0,0
17,11,1964,27,30,27,0,0,0,0,0,0,2329,0,0,0,0,0,0,2481,3049,8,0,9,468,22,1733,65533,615,1524,9,2979,2563,5,0,6,896,20,2863,9,792,1281,12,1015,48036,959,0,959,4,973,15,38495,602,24018,9,0,0,0,0,0,0,0,0,0,0,0,0,0,0,0,0,0,0,0,0,0,0,0,0,0,0,0,0,0,0,0,0,0,0,0,0,0,0,0,0,0,0,0,0,0,0,0,0
17,11,1964,26,32,27,0,0,0,0,0,0,2354,0,0,0,0,0,0,2231,3051,8,0,9,473,20,1610,21,619,1525,9,2885,2512,5,0,6,915,19,2971,65522,798,1256,12,1015,45060,959,0,959,4,973,15,38215,600,22530,9,0,0,0,0,0,0,0,0,0,0,0,0,0,0,0,0,0,0,0,0,0,0,0,0,0,0,0,0,0,0,0,0,0,0,0,0,0,0,0,0,0,0,0,0,0,0,0,0
17,11,1964,27,31,27,0,0,0,0,0,0,2329,0,0,0,0,0,0,2418,3029,8,0,9,467,22,1674,70,52,1514,0,2824,2533,5,0,6,894,19,2824,41,72,1266,0,1013,10916,959,0,958,4,971,14,42075,65535,38226,65535,0,0,0,0,0,0,0,0,0,0,0,0,0,0,0,0,0,0,0,0,0,0,0,0,0,0,0,0,0,0,0,0,0,0,0,0,0,0,0,0,0,0,0,0,0,0,0,0
17,11,1964,28,29,26,0,0,0,0,0,0,2329,0,0,0,0,0,0,2422,3062,8,0,9,474,22,1782,60,627,1531,9,2835,2526,5,0,6,898,19,2692,26,779,1263,12,1013,10858,959,0,959,4,971,13,64243,600,5429,9,0,0,0,0,0,0,0,0,0,0,0,0,0,0,0,0,0,0,0,0,0,0,0,0,0,0,0,0,0,0,0,0,0,0,0,0,0,0,0,0,0,0,0,0,0,0,0,0
17,11,1964,28,30,25,0,0,0,0,0,0,2342,0,0,0,0,0,0,2326,2941,8,0,9,471,21,1592,10,620,1470,9,3042,2647,5,0,6,906,20,2939,96,782,1323,12,1013,21244,959,0,959,4,971,15,6113,639,43390,10,0,0,0,0,0,0,0,0,0,0,0,0,0,0,0,0,0,0,0,0,0,0,0,0,0,0,0,0,0,0,0,0,0,0,0,0,0,0,0,0,0,0,0,0,0,0,0,0
17,11,1964,28,30,27,1,1,1,0,0,0,2342,0,0,0,0,0,0,2321,3058,8,0,9,466,21,1610,45,623,1529,9,2949,2540,5,0,6,920,19,2868,57,788,1270,12,1014,62208,959,0,959,4,972,15,62842,650,31104,10,0,0,0,0,0,0,0,0,0,0,0,0,0,0,0,0,0,0,0,0,0,0,0,0,0,0,0,0,0,0,0,0,0,0,0,0,0,0,0,0,0,0,0,0,0,0,0,0
17,11,1964,27,29,25,0,0,0,0,0,0,2317,0,0,0,0,0,0,2547,3123,8,0,9,475,23,1822,65470,629,1561,10,2719,2547,5,0,6,909,18,2644,65530,779,1273,12,1014,55036,959,0,959,4,972,14,58336,617,27518,9,0,0,0,0,0,0,0,0,0,0,0,0,0,0,0,0,0,0,0,0,0,0,0,0,0,0,0,0,0,0,0,0,0,0,0,0,0,0,0,0,0,0,0,0,0,0,0,0
17,11,1964,26,30,25,1,2,1,0,0,0,2342,0,0,0,1148,1123,923,2356,2991,8,0,9,460,22,1627,65518,612,1495,9,2904,2601,5,0,6,901,20,2776,38,798,1300,12,1012,20140,959,0,959,3,971,13,24254,583,10070,9,0,0,0,0,0,0,0,0,0,0,0,0,0,0,0,0,0,2,0,0,0,0,0,0,0,0,0,0,1,1,0,0,3,0,0,0,0,0,0,0,0,0,0,0,0,0,0,1
17,11,1964,26,30,25,0,0,0,0,0,0,2323,0,0,0,0,0,0,2306,2992,8,0,9,468,21,1595,65535,615,1496,9,2778,2531,5,0,6,911,18,2892,65499,786,1265,12,1014,53772,959,0,959,4,973,14,57383,617,59654,9,0,0,0,0,0,0,0,0,0,0,0,0,0,0,0,0,0,0,0,0,0,0,0,0,0,0,0,0,0,0,0,0,0,0,0,0,0,0,0,0,0,0,0,0,0,0,0,0
17,11,1964,28,30,26,0,0,0,0,0,0,2310,0,0,0,0,0,0,2470,3047,8,0,9,474,22,1764,65498,625,1523,9,2827,2552,5,0,6,886,19,2681,65487,788,1276,12,1013,56816,959,0,959,3,972,13,54845,595,28408,9,0,0,0,0,0,0,0,0,0,0,0,0,0,0,0,0,0,0,0,0,0,0,0,0,0,0,0,0,0,0,0,0,0,0,0,0,0,0,0,0,0,0,0,0,0,0,0,0
17,11,1964,27,29,25,0,0,0,0,0,0,2354,0,0,0,0,0,0,2368,2971,8,0,9,465,22,1615,63,623,1485,9,2672,2450,5,0,6,917,18,2636,53,782,1225,12,1012,54468,959,0,959,4,971,14,10680,616,27234,9,0,0,0,0,0,0,0,0,0,0,0,0,0,0,0,0,0,0,0,0,0,0,0,0,0,0,0,0,0,0,0,0,0,0,0,0,0,0,0,0,0,0,0,0,0,0,0,0
17,11,1964,26,30,27,0,0,0,0,0,0,2342,0,0,0,0,0,0,2295,2951,8,0,9,461,21,1575,34,609,1475,9,2842,2606,5,0,6,898,19,2771,10,779,1303,12,1014,38098,959,0,959,4,973,15,58283,609,19049,9,0,0,0,0,0,0,0,0,0,0,0,0,0,0,0,0,0,0,0,0,0,0,0,0,0,0,0,0,0,0,0,0,0,0,0,0,0,0,0,0,0,0,0,0,0,0,0,0
17,11,1964,25,30,26,0,0,0,0,0,0,2329,0,0,0,0,0,0,2277,2986,8,0,9,460,21,1547,0,609,1493,9,2728,2530,5,0,6,893,18,2673,65531,782,1265,12,1012,7416,959,0,959,4,971,13,595,600,3708,9,0,0,0,0,0,0,0,0,0,0,0,0,0,0,0,0,0,0,0,0,0,0,0,0,0,0,0,0,0,0,0,0,0,0,0,0,0,0,0,0,0,0,0,0,0,0,0,0
17,11,1964,27,29,26,0,0,0,0,0,0,2342,0,0,0,0,0,0,2644,3073,8,0,9,460,24,1908,65522,612,1536,9,2904,2536,5,0,6,916,19,2763,43,775,1268,12,1014,34576,959,0,959,4,972,14,26605,601,17288,9,0,0,0,0,0,0,0,0,0,0,0,0,0,0,0,0,0,0,0,0,0,0,0,0,0,0,0,0,0,0,0,0,0,0,0,0,0,0,0,0,0,0,0,0,0,0,0,0
17,11,1964,27,29,27,0,0,0,0,0,0,2329,0,0,0,0,0,0,2401,2917,8,0,9,486,22,1677,65524,636,1458,10,2808,2514,5,0,6,906,18,2659,30,775,1257,12,1013,45326,959,0,959,4,971,15,48006,612,22663,9,0,0,0,0,0,0,0,0,0,0,0,0,0,0,0,0,0,0,0,0,0,0,0,0,0,0,0,0,0,0,0,0,0,0,0,0,0,0,0,0,0,0,0,0,0,0,0,0
17,11,1964,27,29,27,0,0,0,0,0,0,2335,0,0,0,0,0,0,2535,3132,8,0,9,471,23,1799,46,619,1566,9,2900,2549,5,0,6,898,19,2770,25,779,1274,12,1013,17016,959,0,959,3,972,14,32201,597,8508,9,0,0,0,0,0,0,0,0,0,0,0,0,0,0,0,0,0,0,0,0,0,0,0,0,0,0,0,0,0,0,0,0,0,0,0,0,0,0,0,0,0,0,0,0,0,0,0,0
17,11,1964,26,31,27,0,0,0,0,0,0,2342,0,0,0,0,0,0,2416,3070,8,0,9,466,22,1670,65498,623,1535,9,2860,2508,5,0,6,891,19,2788,11,769,1254,12,1013,25392,959,0,959,3,972,14,33909,578,12696,9,0,0,0,0,0,0,0,0,0,0,0,0,0,0,0,0,0,0,0,0,0,0,0,0,0,0,0,0,0,0,0,0,0,0,0,0,0,0,0,0,0,0,0,0,0,0,0,0
17,11,1964,25,29,24,1,1,1,0,0,0,2329,0,0,0,0,0,0,2335,2884,8,0,9,462,21,1626,21,600,1442,9,2727,2464,5,0,6,926,18,2646,28,790,1232,12,1011,28976,959,0,959,3,970,12,47140,584,47256,9,0,0,0,0,0,0,0,0,0,0,0,0,0,0,0,0,0,0,0,0,0,0,0,0,0,0,0,0,0,0,0,0,0,0,0,0,0,0,0,0,0,0,0,0,0,0,0,0
17,11,1964,29,29,25,0,0,0,0,0,0,2329,0,0,0,0,0,0,2387,3105,8,0,9,456,22,1774,28,611,1552,9,2845,2453,5,0,6,902,19,2671,14,773,1226,12,1013,32442,959,0,959,4,972,13,62302,600,16221,9,0,0,0,0,0,0,0,0,0,0,0,0,0,0,0,0,0,0,0,0,0,0,0,0,0,0,0,0,0,0,0,0,0,0,0,0,0,0,0,0,0,0,0,0,0,0,0,0
17,11,1964,28,31,26,0,0,0,0,0,0,2354,0,0,0,0,0,0,2453,3117,8,0,9,475,22,1790,46,625,1558,9,2828,2595,5,0,6,885,19,2920,65497,771,1297,12,1013,4956,959,0,959,3,972,13,20268,586,35246,9,0,0,0,0,0,0,0,0,0,0,0,0,0,0,0,0,0,0,0,0,0,0,0,0,0,0,0,0,0,0,0,0,0,0,0,0,0,0,0,0,0,0,0,0,0,0,0,0
17,11,1964,26,30,26,3,4,3,0,0,0,2354,0,0,0,0,0,0,2180,2781,8,0,9,464,20,1434,2,619,1390,9,2761,2569,5,0,6,889,19,2590,5,786,1284,12,1013,58844,959,0,959,4,972,14,41943,599,62190,9,0,0,0,0,0,0,0,0,0,0,0,0,0,0,0,0,0,0,0,0,0,0,0,0,0,0,0,0,0,0,0,0,0,0,0,0,0,0,0,0,0,0,0,0,0,0,0,0
17,11,1964,26,30,26,3,3,2,0,0,0,2354,0,0,0,0,0,0,2331,3080,8,0,9,472,21,1605,65521,620,1540,9,2681,2537,5,0,6,902,18,2702,65532,782,1268,12,1012,59832,959,0,959,4,971,13,3772,614,29916,9,0,0,0,0,0,0,0,0,0,0,0,0,0,0,0,0,0,0,0,0,0,0,0,0,0,0,0,0,0,0,0,0,0,0,0,0,0,0,0,0,0,0,0,0,0,0,0,0
17,11,1964,27,32,26,0,0,0,0,0,0,2354,0,0,0,0,0,0,2400,2906,8,0,9,457,22,1687,5,614,1453,9,2929,2634,5,0,6,895,20,3083,65518,783,1317,12,1014,3308,959,0,959,4,973,14,7714,626,1654,9,0,0,0,0,0,0,0,0,0,0,0,0,0,0,0,0,0,0,0,0,0,0,0,0,0,0,0,0,0,0,0,0,0,0,0,0,0,0,0,0,0,0,0,0,0,0,0,0
